1223438522
6633026023
5461134524
1898513702
7730948767
5042038278
6684637962
5290857890
7505745833
5771123047
7184373608
6809270329
5568853456
7012613485
7918226195
6171034510
5541083143
2099481875
1976613552
5745472026
8191356548
5142392647
5806232311
2131786961
6789919250
2134609235
5969954894
6779286711
1177292279
6617405240
6087408856
6560415216
490803798
6020428776
847233708
1001044094
6485141762
1272755708
5288357316
5750716902
7157862948
5895656068
6205021053
6580453618
396068750
7038085115
7358177902
6562829545
6900016925
6266606081
6529002482
1148587934
1655810765
1928342512
7890998881
7409296289
6607993117
7566003876
7085887410
7788577358
5904401456
1292164334
1528496847
5571247770
7959406643
7046563541
5452117244
7375632083
1134516022
5021228847
6458951848
7133830056
539657569
1443343320
7557595369
6909301787
5811378788
5084964215
7129417747
6437727158
7712288982
555761594
6578932043
6048443639
7304509452
451473547
5755999196
468694815
1379714660
769553059
7384171572
2006483783
6900882619
390428730
1840219239
5374819064
6716941044
6226185880
8193626951
5266986940
314222488
8105533798
1817002746
7153445027
1808114401
1765387097
6000703046
933092949
5140709865
5422297368
7770254107
7250126085
5740575963
6708654614
5736227444
7245152552
2108164536
1179317839
641679515
5585990384
5026216217
6864443139
7003305740
8172616078
7396696310
823543373
6447448462
1626072171
5845917252
6699518357
7495872269
512113092
7900180442
6619289773
7323941993
8078113274
1700305212
7281578488
5509345887
5838796828
7469851818
5070405544
6109734055
5498587136
7693213303
7313760546
637744278
1166096397
458465626
1876410725
6258542394
1623210766
6134364259
1050734317
7872947642
6828977502
6056364432
1587049422
7118865929
345247089
5247695201
6710972697
7211899134
7529897431
5184447307
1644914783
6327169184
1840442892
432529644
6068377156
5718745882
1901197005
8150877294
5309791791
2026932211
7842503160
5485895143
5931721175
7301319618
6473480933